BFM:	992.0	-451.0
LMT:	62.0	-25.0
MPX:	4.599999999999998	-5.699999999999999
